(kicad_pcb (version 20171130) (host pcbnew "(5.1.5)-2")

  (general
    (thickness 1.6)
    (drawings 4)
    (tracks 127)
    (zones 0)
    (modules 18)
    (nets 21)
  )

  (page A4)
  (layers
    (0 F.Cu signal)
    (31 B.Cu signal)
    (32 B.Adhes user)
    (33 F.Adhes user)
    (34 B.Paste user)
    (35 F.Paste user)
    (36 B.SilkS user)
    (37 F.SilkS user)
    (38 B.Mask user)
    (39 F.Mask user)
    (40 Dwgs.User user)
    (41 Cmts.User user)
    (42 Eco1.User user)
    (43 Eco2.User user)
    (44 Edge.Cuts user)
    (45 Margin user)
    (46 B.CrtYd user)
    (47 F.CrtYd user)
    (48 B.Fab user)
    (49 F.Fab user)
  )

  (setup
    (last_trace_width 0.25)
    (trace_clearance 0.2)
    (zone_clearance 0.508)
    (zone_45_only no)
    (trace_min 0.2)
    (via_size 0.8)
    (via_drill 0.4)
    (via_min_size 0.4)
    (via_min_drill 0.3)
    (uvia_size 0.3)
    (uvia_drill 0.1)
    (uvias_allowed no)
    (uvia_min_size 0.2)
    (uvia_min_drill 0.1)
    (edge_width 0.05)
    (segment_width 0.2)
    (pcb_text_width 0.3)
    (pcb_text_size 1.5 1.5)
    (mod_edge_width 0.12)
    (mod_text_size 1 1)
    (mod_text_width 0.15)
    (pad_size 1.524 1.524)
    (pad_drill 0.762)
    (pad_to_mask_clearance 0.051)
    (solder_mask_min_width 0.25)
    (aux_axis_origin 0 0)
    (visible_elements 7FFFFFFF)
    (pcbplotparams
      (layerselection 0x010fc_ffffffff)
      (usegerberextensions false)
      (usegerberattributes false)
      (usegerberadvancedattributes false)
      (creategerberjobfile false)
      (excludeedgelayer true)
      (linewidth 0.100000)
      (plotframeref false)
      (viasonmask false)
      (mode 1)
      (useauxorigin false)
      (hpglpennumber 1)
      (hpglpenspeed 20)
      (hpglpendiameter 15.000000)
      (psnegative false)
      (psa4output false)
      (plotreference true)
      (plotvalue true)
      (plotinvisibletext false)
      (padsonsilk false)
      (subtractmaskfromsilk false)
      (outputformat 1)
      (mirror false)
      (drillshape 1)
      (scaleselection 1)
      (outputdirectory ""))
  )

  (net 0 "")
  (net 1 GND)
  (net 2 "Net-(C1-Pad1)")
  (net 3 VCC)
  (net 4 "Net-(C3-Pad2)")
  (net 5 "Net-(C3-Pad1)")
  (net 6 "Net-(C6-Pad2)")
  (net 7 OUTR)
  (net 8 OUTL)
  (net 9 "Net-(C7-Pad1)")
  (net 10 "Net-(C8-Pad1)")
  (net 11 LRCLK)
  (net 12 DIN)
  (net 13 BCK)
  (net 14 SCK)
  (net 15 MIDI_IN)
  (net 16 "Net-(J2-Pad5)")
  (net 17 "Net-(R4-Pad2)")
  (net 18 "Net-(D1-Pad2)")
  (net 19 ~MUTE)
  (net 20 "Net-(D1-Pad1)")

  (net_class Default "This is the default net class."
    (clearance 0.2)
    (trace_width 0.25)
    (via_dia 0.8)
    (via_drill 0.4)
    (uvia_dia 0.3)
    (uvia_drill 0.1)
    (add_net BCK)
    (add_net DIN)
    (add_net GND)
    (add_net LRCLK)
    (add_net MIDI_IN)
    (add_net "Net-(C1-Pad1)")
    (add_net "Net-(C3-Pad1)")
    (add_net "Net-(C3-Pad2)")
    (add_net "Net-(C6-Pad2)")
    (add_net "Net-(C7-Pad1)")
    (add_net "Net-(C8-Pad1)")
    (add_net "Net-(D1-Pad1)")
    (add_net "Net-(D1-Pad2)")
    (add_net "Net-(J1-Pad12)")
    (add_net "Net-(J1-Pad6)")
    (add_net "Net-(J2-Pad1)")
    (add_net "Net-(J2-Pad2)")
    (add_net "Net-(J2-Pad3)")
    (add_net "Net-(J2-Pad5)")
    (add_net "Net-(R4-Pad2)")
    (add_net OUTL)
    (add_net OUTR)
    (add_net SCK)
    (add_net VCC)
    (add_net ~MUTE)
  )

  (module Resistor_SMD:R_0603_1608Metric (layer F.Cu) (tedit 5B301BBD) (tstamp 5E352708)
    (at 155.648 104.9655)
    (descr "Resistor SMD 0603 (1608 Metric), square (rectangular) end terminal, IPC_7351 nominal, (Body size source: http://www.tortai-tech.com/upload/download/2011102023233369053.pdf), generated with kicad-footprint-generator")
    (tags resistor)
    (path /5E386EFE)
    (attr smd)
    (fp_text reference R5 (at 0 -1.43) (layer F.SilkS)
      (effects (font (size 1 1) (thickness 0.15)))
    )
    (fp_text value R (at 0 1.43) (layer F.Fab)
      (effects (font (size 1 1) (thickness 0.15)))
    )
    (fp_text user %R (at 0 0) (layer F.Fab)
      (effects (font (size 0.4 0.4) (thickness 0.06)))
    )
    (fp_line (start 1.48 0.73) (end -1.48 0.73) (layer F.CrtYd) (width 0.05))
    (fp_line (start 1.48 -0.73) (end 1.48 0.73) (layer F.CrtYd) (width 0.05))
    (fp_line (start -1.48 -0.73) (end 1.48 -0.73) (layer F.CrtYd) (width 0.05))
    (fp_line (start -1.48 0.73) (end -1.48 -0.73) (layer F.CrtYd) (width 0.05))
    (fp_line (start -0.162779 0.51) (end 0.162779 0.51) (layer F.SilkS) (width 0.12))
    (fp_line (start -0.162779 -0.51) (end 0.162779 -0.51) (layer F.SilkS) (width 0.12))
    (fp_line (start 0.8 0.4) (end -0.8 0.4) (layer F.Fab) (width 0.1))
    (fp_line (start 0.8 -0.4) (end 0.8 0.4) (layer F.Fab) (width 0.1))
    (fp_line (start -0.8 -0.4) (end 0.8 -0.4) (layer F.Fab) (width 0.1))
    (fp_line (start -0.8 0.4) (end -0.8 -0.4) (layer F.Fab) (width 0.1))
    (pad 2 smd roundrect (at 0.7875 0) (size 0.875 0.95) (layers F.Cu F.Paste F.Mask) (roundrect_rratio 0.25)
      (net 15 MIDI_IN))
    (pad 1 smd roundrect (at -0.7875 0) (size 0.875 0.95) (layers F.Cu F.Paste F.Mask) (roundrect_rratio 0.25)
      (net 3 VCC))
    (model ${KISYS3DMOD}/Resistor_SMD.3dshapes/R_0603_1608Metric.wrl
      (at (xyz 0 0 0))
      (scale (xyz 1 1 1))
      (rotate (xyz 0 0 0))
    )
  )

  (module Resistor_SMD:R_0603_1608Metric (layer F.Cu) (tedit 5B301BBD) (tstamp 5E3526F7)
    (at 151.638 104.9655)
    (descr "Resistor SMD 0603 (1608 Metric), square (rectangular) end terminal, IPC_7351 nominal, (Body size source: http://www.tortai-tech.com/upload/download/2011102023233369053.pdf), generated with kicad-footprint-generator")
    (tags resistor)
    (path /5E39464D)
    (attr smd)
    (fp_text reference R4 (at 0 -1.43) (layer F.SilkS)
      (effects (font (size 1 1) (thickness 0.15)))
    )
    (fp_text value R (at 0 1.43) (layer F.Fab)
      (effects (font (size 1 1) (thickness 0.15)))
    )
    (fp_text user %R (at 0 0) (layer F.Fab)
      (effects (font (size 0.4 0.4) (thickness 0.06)))
    )
    (fp_line (start 1.48 0.73) (end -1.48 0.73) (layer F.CrtYd) (width 0.05))
    (fp_line (start 1.48 -0.73) (end 1.48 0.73) (layer F.CrtYd) (width 0.05))
    (fp_line (start -1.48 -0.73) (end 1.48 -0.73) (layer F.CrtYd) (width 0.05))
    (fp_line (start -1.48 0.73) (end -1.48 -0.73) (layer F.CrtYd) (width 0.05))
    (fp_line (start -0.162779 0.51) (end 0.162779 0.51) (layer F.SilkS) (width 0.12))
    (fp_line (start -0.162779 -0.51) (end 0.162779 -0.51) (layer F.SilkS) (width 0.12))
    (fp_line (start 0.8 0.4) (end -0.8 0.4) (layer F.Fab) (width 0.1))
    (fp_line (start 0.8 -0.4) (end 0.8 0.4) (layer F.Fab) (width 0.1))
    (fp_line (start -0.8 -0.4) (end 0.8 -0.4) (layer F.Fab) (width 0.1))
    (fp_line (start -0.8 0.4) (end -0.8 -0.4) (layer F.Fab) (width 0.1))
    (pad 2 smd roundrect (at 0.7875 0) (size 0.875 0.95) (layers F.Cu F.Paste F.Mask) (roundrect_rratio 0.25))
    (pad 1 smd roundrect (at -0.7875 0) (size 0.875 0.95) (layers F.Cu F.Paste F.Mask) (roundrect_rratio 0.25)
      (net 1 GND))
    (model ${KISYS3DMOD}/Resistor_SMD.3dshapes/R_0603_1608Metric.wrl
      (at (xyz 0 0 0))
      (scale (xyz 1 1 1))
      (rotate (xyz 0 0 0))
    )
  )

  (module SamacSys_Parts:SOP65P640X120-20N (layer F.Cu) (tedit 0) (tstamp 5E33F51B)
    (at 148.336 91.6305)
    (descr "PW (R-PDSO-G20)")
    (tags "Integrated Circuit")
    (path /5E33FDC4)
    (attr smd)
    (fp_text reference IC1 (at 0 0) (layer F.SilkS)
      (effects (font (size 1.27 1.27) (thickness 0.254)))
    )
    (fp_text value PCM5100APW (at 0 0) (layer F.SilkS) hide
      (effects (font (size 1.27 1.27) (thickness 0.254)))
    )
    (fp_line (start -3.675 -3.5) (end -2.2 -3.5) (layer F.SilkS) (width 0.2))
    (fp_line (start -1.85 3.25) (end -1.85 -3.25) (layer F.SilkS) (width 0.2))
    (fp_line (start 1.85 3.25) (end -1.85 3.25) (layer F.SilkS) (width 0.2))
    (fp_line (start 1.85 -3.25) (end 1.85 3.25) (layer F.SilkS) (width 0.2))
    (fp_line (start -1.85 -3.25) (end 1.85 -3.25) (layer F.SilkS) (width 0.2))
    (fp_line (start -2.2 -2.6) (end -1.55 -3.25) (layer F.Fab) (width 0.1))
    (fp_line (start -2.2 3.25) (end -2.2 -3.25) (layer F.Fab) (width 0.1))
    (fp_line (start 2.2 3.25) (end -2.2 3.25) (layer F.Fab) (width 0.1))
    (fp_line (start 2.2 -3.25) (end 2.2 3.25) (layer F.Fab) (width 0.1))
    (fp_line (start -2.2 -3.25) (end 2.2 -3.25) (layer F.Fab) (width 0.1))
    (fp_line (start -3.925 3.55) (end -3.925 -3.55) (layer F.CrtYd) (width 0.05))
    (fp_line (start 3.925 3.55) (end -3.925 3.55) (layer F.CrtYd) (width 0.05))
    (fp_line (start 3.925 -3.55) (end 3.925 3.55) (layer F.CrtYd) (width 0.05))
    (fp_line (start -3.925 -3.55) (end 3.925 -3.55) (layer F.CrtYd) (width 0.05))
    (fp_text user %R (at 0 0) (layer F.Fab)
      (effects (font (size 1.27 1.27) (thickness 0.254)))
    )
    (pad 20 smd rect (at 2.938 -2.925 90) (size 0.45 1.475) (layers F.Cu F.Paste F.Mask)
      (net 3 VCC))
    (pad 19 smd rect (at 2.938 -2.275 90) (size 0.45 1.475) (layers F.Cu F.Paste F.Mask)
      (net 1 GND))
    (pad 18 smd rect (at 2.938 -1.625 90) (size 0.45 1.475) (layers F.Cu F.Paste F.Mask)
      (net 6 "Net-(C6-Pad2)"))
    (pad 17 smd rect (at 2.938 -0.975 90) (size 0.45 1.475) (layers F.Cu F.Paste F.Mask)
      (net 19 ~MUTE))
    (pad 16 smd rect (at 2.938 -0.325 90) (size 0.45 1.475) (layers F.Cu F.Paste F.Mask)
      (net 1 GND))
    (pad 15 smd rect (at 2.938 0.325 90) (size 0.45 1.475) (layers F.Cu F.Paste F.Mask)
      (net 11 LRCLK))
    (pad 14 smd rect (at 2.938 0.975 90) (size 0.45 1.475) (layers F.Cu F.Paste F.Mask)
      (net 12 DIN))
    (pad 13 smd rect (at 2.938 1.625 90) (size 0.45 1.475) (layers F.Cu F.Paste F.Mask)
      (net 13 BCK))
    (pad 12 smd rect (at 2.938 2.275 90) (size 0.45 1.475) (layers F.Cu F.Paste F.Mask)
      (net 14 SCK))
    (pad 11 smd rect (at 2.938 2.925 90) (size 0.45 1.475) (layers F.Cu F.Paste F.Mask)
      (net 1 GND))
    (pad 10 smd rect (at -2.938 2.925 90) (size 0.45 1.475) (layers F.Cu F.Paste F.Mask)
      (net 1 GND))
    (pad 9 smd rect (at -2.938 2.275 90) (size 0.45 1.475) (layers F.Cu F.Paste F.Mask)
      (net 1 GND))
    (pad 8 smd rect (at -2.938 1.625 90) (size 0.45 1.475) (layers F.Cu F.Paste F.Mask)
      (net 3 VCC))
    (pad 7 smd rect (at -2.938 0.975 90) (size 0.45 1.475) (layers F.Cu F.Paste F.Mask)
      (net 7 OUTR))
    (pad 6 smd rect (at -2.938 0.325 90) (size 0.45 1.475) (layers F.Cu F.Paste F.Mask)
      (net 8 OUTL))
    (pad 5 smd rect (at -2.938 -0.325 90) (size 0.45 1.475) (layers F.Cu F.Paste F.Mask)
      (net 2 "Net-(C1-Pad1)"))
    (pad 4 smd rect (at -2.938 -0.975 90) (size 0.45 1.475) (layers F.Cu F.Paste F.Mask)
      (net 4 "Net-(C3-Pad2)"))
    (pad 3 smd rect (at -2.938 -1.625 90) (size 0.45 1.475) (layers F.Cu F.Paste F.Mask)
      (net 1 GND))
    (pad 2 smd rect (at -2.938 -2.275 90) (size 0.45 1.475) (layers F.Cu F.Paste F.Mask)
      (net 5 "Net-(C3-Pad1)"))
    (pad 1 smd rect (at -2.938 -2.925 90) (size 0.45 1.475) (layers F.Cu F.Paste F.Mask)
      (net 3 VCC))
    (model C:\SamacSys_PCB_Library\KiCad\SamacSys_Parts.3dshapes\PCM5100APW.stp
      (at (xyz 0 0 0))
      (scale (xyz 1 1 1))
      (rotate (xyz 0 0 0))
    )
  )

  (module Diode_SMD:D_0603_1608Metric_Castellated (layer B.Cu) (tedit 5B301BBE) (tstamp 5E34D5BE)
    (at 129.426 98.1075)
    (descr "Diode SMD 0603 (1608 Metric), castellated end terminal, IPC_7351 nominal, (Body size source: http://www.tortai-tech.com/upload/download/2011102023233369053.pdf), generated with kicad-footprint-generator")
    (tags "diode castellated")
    (path /5E3630C9)
    (attr smd)
    (fp_text reference D1 (at 0 1.38 180) (layer B.SilkS)
      (effects (font (size 1 1) (thickness 0.15)) (justify mirror))
    )
    (fp_text value D (at 0 -1.38 180) (layer B.Fab)
      (effects (font (size 1 1) (thickness 0.15)) (justify mirror))
    )
    (fp_text user %R (at 0 0 180) (layer B.Fab)
      (effects (font (size 0.4 0.4) (thickness 0.06)) (justify mirror))
    )
    (fp_line (start 1.68 -0.68) (end -1.68 -0.68) (layer B.CrtYd) (width 0.05))
    (fp_line (start 1.68 0.68) (end 1.68 -0.68) (layer B.CrtYd) (width 0.05))
    (fp_line (start -1.68 0.68) (end 1.68 0.68) (layer B.CrtYd) (width 0.05))
    (fp_line (start -1.68 -0.68) (end -1.68 0.68) (layer B.CrtYd) (width 0.05))
    (fp_line (start -1.685 -0.685) (end 0.8 -0.685) (layer B.SilkS) (width 0.12))
    (fp_line (start -1.685 0.685) (end -1.685 -0.685) (layer B.SilkS) (width 0.12))
    (fp_line (start 0.8 0.685) (end -1.685 0.685) (layer B.SilkS) (width 0.12))
    (fp_line (start 0.8 -0.4) (end 0.8 0.4) (layer B.Fab) (width 0.1))
    (fp_line (start -0.8 -0.4) (end 0.8 -0.4) (layer B.Fab) (width 0.1))
    (fp_line (start -0.8 0.1) (end -0.8 -0.4) (layer B.Fab) (width 0.1))
    (fp_line (start -0.5 0.4) (end -0.8 0.1) (layer B.Fab) (width 0.1))
    (fp_line (start 0.8 0.4) (end -0.5 0.4) (layer B.Fab) (width 0.1))
    (pad 2 smd roundrect (at 0.8125 0) (size 1.225 0.85) (layers B.Cu B.Paste B.Mask) (roundrect_rratio 0.25)
      (net 18 "Net-(D1-Pad2)"))
    (pad 1 smd roundrect (at -0.8125 0) (size 1.225 0.85) (layers B.Cu B.Paste B.Mask) (roundrect_rratio 0.25)
      (net 20 "Net-(D1-Pad1)"))
    (model ${KISYS3DMOD}/Diode_SMD.3dshapes/D_0603_1608Metric_Castellated.wrl
      (at (xyz 0 0 0))
      (scale (xyz 1 1 1))
      (rotate (xyz 0 0 0))
    )
  )

  (module Resistor_SMD:R_0603_1608Metric_Pad1.05x0.95mm_HandSolder (layer B.Cu) (tedit 5B301BBD) (tstamp 5E34D05E)
    (at 129.427 96.5835 180)
    (descr "Resistor SMD 0603 (1608 Metric), square (rectangular) end terminal, IPC_7351 nominal with elongated pad for handsoldering. (Body size source: http://www.tortai-tech.com/upload/download/2011102023233369053.pdf), generated with kicad-footprint-generator")
    (tags "resistor handsolder")
    (path /5E35BA06)
    (attr smd)
    (fp_text reference R3 (at 0 1.43 180) (layer B.SilkS)
      (effects (font (size 1 1) (thickness 0.15)) (justify mirror))
    )
    (fp_text value R (at 0 -1.43 270) (layer B.Fab)
      (effects (font (size 1 1) (thickness 0.15)) (justify mirror))
    )
    (fp_text user %R (at 0 0 180) (layer B.Fab)
      (effects (font (size 0.4 0.4) (thickness 0.06)) (justify mirror))
    )
    (fp_line (start 1.65 -0.73) (end -1.65 -0.73) (layer B.CrtYd) (width 0.05))
    (fp_line (start 1.65 0.73) (end 1.65 -0.73) (layer B.CrtYd) (width 0.05))
    (fp_line (start -1.65 0.73) (end 1.65 0.73) (layer B.CrtYd) (width 0.05))
    (fp_line (start -1.65 -0.73) (end -1.65 0.73) (layer B.CrtYd) (width 0.05))
    (fp_line (start -0.171267 -0.51) (end 0.171267 -0.51) (layer B.SilkS) (width 0.12))
    (fp_line (start -0.171267 0.51) (end 0.171267 0.51) (layer B.SilkS) (width 0.12))
    (fp_line (start 0.8 -0.4) (end -0.8 -0.4) (layer B.Fab) (width 0.1))
    (fp_line (start 0.8 0.4) (end 0.8 -0.4) (layer B.Fab) (width 0.1))
    (fp_line (start -0.8 0.4) (end 0.8 0.4) (layer B.Fab) (width 0.1))
    (fp_line (start -0.8 -0.4) (end -0.8 0.4) (layer B.Fab) (width 0.1))
    (pad 2 smd roundrect (at 0.875 0 180) (size 1.05 0.95) (layers B.Cu B.Paste B.Mask) (roundrect_rratio 0.25)
      (net 16 "Net-(J2-Pad5)"))
    (pad 1 smd roundrect (at -0.875 0 180) (size 1.05 0.95) (layers B.Cu B.Paste B.Mask) (roundrect_rratio 0.25)
      (net 18 "Net-(D1-Pad2)"))
    (model ${KISYS3DMOD}/Resistor_SMD.3dshapes/R_0603_1608Metric.wrl
      (at (xyz 0 0 0))
      (scale (xyz 1 1 1))
      (rotate (xyz 0 0 0))
    )
  )

  (module Resistor_SMD:R_0603_1608Metric_Pad1.05x0.95mm_HandSolder (layer B.Cu) (tedit 5B301BBD) (tstamp 5E34B9A1)
    (at 143.002 94.4105 90)
    (descr "Resistor SMD 0603 (1608 Metric), square (rectangular) end terminal, IPC_7351 nominal with elongated pad for handsoldering. (Body size source: http://www.tortai-tech.com/upload/download/2011102023233369053.pdf), generated with kicad-footprint-generator")
    (tags "resistor handsolder")
    (path /5E34981C)
    (attr smd)
    (fp_text reference R2 (at 0 1.43 90) (layer B.SilkS)
      (effects (font (size 1 1) (thickness 0.15)) (justify mirror))
    )
    (fp_text value R (at 0 -1.43 90) (layer B.Fab)
      (effects (font (size 1 1) (thickness 0.15)) (justify mirror))
    )
    (fp_text user %R (at 0 0 90) (layer B.Fab)
      (effects (font (size 0.4 0.4) (thickness 0.06)) (justify mirror))
    )
    (fp_line (start 1.65 -0.73) (end -1.65 -0.73) (layer B.CrtYd) (width 0.05))
    (fp_line (start 1.65 0.73) (end 1.65 -0.73) (layer B.CrtYd) (width 0.05))
    (fp_line (start -1.65 0.73) (end 1.65 0.73) (layer B.CrtYd) (width 0.05))
    (fp_line (start -1.65 -0.73) (end -1.65 0.73) (layer B.CrtYd) (width 0.05))
    (fp_line (start -0.171267 -0.51) (end 0.171267 -0.51) (layer B.SilkS) (width 0.12))
    (fp_line (start -0.171267 0.51) (end 0.171267 0.51) (layer B.SilkS) (width 0.12))
    (fp_line (start 0.8 -0.4) (end -0.8 -0.4) (layer B.Fab) (width 0.1))
    (fp_line (start 0.8 0.4) (end 0.8 -0.4) (layer B.Fab) (width 0.1))
    (fp_line (start -0.8 0.4) (end 0.8 0.4) (layer B.Fab) (width 0.1))
    (fp_line (start -0.8 -0.4) (end -0.8 0.4) (layer B.Fab) (width 0.1))
    (pad 2 smd roundrect (at 0.875 0 90) (size 1.05 0.95) (layers B.Cu B.Paste B.Mask) (roundrect_rratio 0.25)
      (net 7 OUTR))
    (pad 1 smd roundrect (at -0.875 0 90) (size 1.05 0.95) (layers B.Cu B.Paste B.Mask) (roundrect_rratio 0.25)
      (net 9 "Net-(C7-Pad1)"))
    (model ${KISYS3DMOD}/Resistor_SMD.3dshapes/R_0603_1608Metric.wrl
      (at (xyz 0 0 0))
      (scale (xyz 1 1 1))
      (rotate (xyz 0 0 0))
    )
  )

  (module Resistor_SMD:R_0603_1608Metric_Pad1.05x0.95mm_HandSolder (layer B.Cu) (tedit 5B301BBD) (tstamp 5E34B990)
    (at 141.4145 94.4105 90)
    (descr "Resistor SMD 0603 (1608 Metric), square (rectangular) end terminal, IPC_7351 nominal with elongated pad for handsoldering. (Body size source: http://www.tortai-tech.com/upload/download/2011102023233369053.pdf), generated with kicad-footprint-generator")
    (tags "resistor handsolder")
    (path /5E347580)
    (attr smd)
    (fp_text reference R1 (at 0 1.43 90) (layer B.SilkS)
      (effects (font (size 1 1) (thickness 0.15)) (justify mirror))
    )
    (fp_text value R (at 0 -1.43 90) (layer B.Fab)
      (effects (font (size 1 1) (thickness 0.15)) (justify mirror))
    )
    (fp_text user %R (at 0 0 90) (layer B.Fab)
      (effects (font (size 0.4 0.4) (thickness 0.06)) (justify mirror))
    )
    (fp_line (start 1.65 -0.73) (end -1.65 -0.73) (layer B.CrtYd) (width 0.05))
    (fp_line (start 1.65 0.73) (end 1.65 -0.73) (layer B.CrtYd) (width 0.05))
    (fp_line (start -1.65 0.73) (end 1.65 0.73) (layer B.CrtYd) (width 0.05))
    (fp_line (start -1.65 -0.73) (end -1.65 0.73) (layer B.CrtYd) (width 0.05))
    (fp_line (start -0.171267 -0.51) (end 0.171267 -0.51) (layer B.SilkS) (width 0.12))
    (fp_line (start -0.171267 0.51) (end 0.171267 0.51) (layer B.SilkS) (width 0.12))
    (fp_line (start 0.8 -0.4) (end -0.8 -0.4) (layer B.Fab) (width 0.1))
    (fp_line (start 0.8 0.4) (end 0.8 -0.4) (layer B.Fab) (width 0.1))
    (fp_line (start -0.8 0.4) (end 0.8 0.4) (layer B.Fab) (width 0.1))
    (fp_line (start -0.8 -0.4) (end -0.8 0.4) (layer B.Fab) (width 0.1))
    (pad 2 smd roundrect (at 0.875 0 90) (size 1.05 0.95) (layers B.Cu B.Paste B.Mask) (roundrect_rratio 0.25)
      (net 8 OUTL))
    (pad 1 smd roundrect (at -0.875 0 90) (size 1.05 0.95) (layers B.Cu B.Paste B.Mask) (roundrect_rratio 0.25)
      (net 10 "Net-(C8-Pad1)"))
    (model ${KISYS3DMOD}/Resistor_SMD.3dshapes/R_0603_1608Metric.wrl
      (at (xyz 0 0 0))
      (scale (xyz 1 1 1))
      (rotate (xyz 0 0 0))
    )
  )

  (module Capacitor_SMD:C_0603_1608Metric (layer B.Cu) (tedit 5B301BBE) (tstamp 5E34B823)
    (at 138.9125 96.774 180)
    (descr "Capacitor SMD 0603 (1608 Metric), square (rectangular) end terminal, IPC_7351 nominal, (Body size source: http://www.tortai-tech.com/upload/download/2011102023233369053.pdf), generated with kicad-footprint-generator")
    (tags capacitor)
    (path /5E34C4AC)
    (attr smd)
    (fp_text reference C8 (at 0 1.43) (layer B.SilkS)
      (effects (font (size 1 1) (thickness 0.15)) (justify mirror))
    )
    (fp_text value 2.2nf (at 0 -1.43) (layer B.Fab)
      (effects (font (size 1 1) (thickness 0.15)) (justify mirror))
    )
    (fp_text user %R (at 0 0) (layer B.Fab)
      (effects (font (size 0.4 0.4) (thickness 0.06)) (justify mirror))
    )
    (fp_line (start 1.48 -0.73) (end -1.48 -0.73) (layer B.CrtYd) (width 0.05))
    (fp_line (start 1.48 0.73) (end 1.48 -0.73) (layer B.CrtYd) (width 0.05))
    (fp_line (start -1.48 0.73) (end 1.48 0.73) (layer B.CrtYd) (width 0.05))
    (fp_line (start -1.48 -0.73) (end -1.48 0.73) (layer B.CrtYd) (width 0.05))
    (fp_line (start -0.162779 -0.51) (end 0.162779 -0.51) (layer B.SilkS) (width 0.12))
    (fp_line (start -0.162779 0.51) (end 0.162779 0.51) (layer B.SilkS) (width 0.12))
    (fp_line (start 0.8 -0.4) (end -0.8 -0.4) (layer B.Fab) (width 0.1))
    (fp_line (start 0.8 0.4) (end 0.8 -0.4) (layer B.Fab) (width 0.1))
    (fp_line (start -0.8 0.4) (end 0.8 0.4) (layer B.Fab) (width 0.1))
    (fp_line (start -0.8 -0.4) (end -0.8 0.4) (layer B.Fab) (width 0.1))
    (pad 2 smd roundrect (at 0.7875 0 180) (size 0.875 0.95) (layers B.Cu B.Paste B.Mask) (roundrect_rratio 0.25)
      (net 1 GND))
    (pad 1 smd roundrect (at -0.7875 0 180) (size 0.875 0.95) (layers B.Cu B.Paste B.Mask) (roundrect_rratio 0.25)
      (net 10 "Net-(C8-Pad1)"))
    (model ${KISYS3DMOD}/Capacitor_SMD.3dshapes/C_0603_1608Metric.wrl
      (at (xyz 0 0 0))
      (scale (xyz 1 1 1))
      (rotate (xyz 0 0 0))
    )
  )

  (module Capacitor_SMD:C_0603_1608Metric (layer B.Cu) (tedit 5B301BBE) (tstamp 5E34B812)
    (at 138.9125 98.298 180)
    (descr "Capacitor SMD 0603 (1608 Metric), square (rectangular) end terminal, IPC_7351 nominal, (Body size source: http://www.tortai-tech.com/upload/download/2011102023233369053.pdf), generated with kicad-footprint-generator")
    (tags capacitor)
    (path /5E34BB6F)
    (attr smd)
    (fp_text reference C7 (at 0 1.43) (layer B.SilkS)
      (effects (font (size 1 1) (thickness 0.15)) (justify mirror))
    )
    (fp_text value 2.2nf (at 0 -1.43) (layer B.Fab)
      (effects (font (size 1 1) (thickness 0.15)) (justify mirror))
    )
    (fp_text user %R (at 0 0) (layer B.Fab)
      (effects (font (size 0.4 0.4) (thickness 0.06)) (justify mirror))
    )
    (fp_line (start 1.48 -0.73) (end -1.48 -0.73) (layer B.CrtYd) (width 0.05))
    (fp_line (start 1.48 0.73) (end 1.48 -0.73) (layer B.CrtYd) (width 0.05))
    (fp_line (start -1.48 0.73) (end 1.48 0.73) (layer B.CrtYd) (width 0.05))
    (fp_line (start -1.48 -0.73) (end -1.48 0.73) (layer B.CrtYd) (width 0.05))
    (fp_line (start -0.162779 -0.51) (end 0.162779 -0.51) (layer B.SilkS) (width 0.12))
    (fp_line (start -0.162779 0.51) (end 0.162779 0.51) (layer B.SilkS) (width 0.12))
    (fp_line (start 0.8 -0.4) (end -0.8 -0.4) (layer B.Fab) (width 0.1))
    (fp_line (start 0.8 0.4) (end 0.8 -0.4) (layer B.Fab) (width 0.1))
    (fp_line (start -0.8 0.4) (end 0.8 0.4) (layer B.Fab) (width 0.1))
    (fp_line (start -0.8 -0.4) (end -0.8 0.4) (layer B.Fab) (width 0.1))
    (pad 2 smd roundrect (at 0.7875 0 180) (size 0.875 0.95) (layers B.Cu B.Paste B.Mask) (roundrect_rratio 0.25)
      (net 1 GND))
    (pad 1 smd roundrect (at -0.7875 0 180) (size 0.875 0.95) (layers B.Cu B.Paste B.Mask) (roundrect_rratio 0.25)
      (net 9 "Net-(C7-Pad1)"))
    (model ${KISYS3DMOD}/Capacitor_SMD.3dshapes/C_0603_1608Metric.wrl
      (at (xyz 0 0 0))
      (scale (xyz 1 1 1))
      (rotate (xyz 0 0 0))
    )
  )

  (module Capacitor_SMD:C_0603_1608Metric (layer F.Cu) (tedit 5B301BBE) (tstamp 5E33F4F4)
    (at 153.886 90.2335 180)
    (descr "Capacitor SMD 0603 (1608 Metric), square (rectangular) end terminal, IPC_7351 nominal, (Body size source: http://www.tortai-tech.com/upload/download/2011102023233369053.pdf), generated with kicad-footprint-generator")
    (tags capacitor)
    (path /5E34B32C)
    (attr smd)
    (fp_text reference C6 (at 0 -1.43) (layer F.SilkS)
      (effects (font (size 1 1) (thickness 0.15)))
    )
    (fp_text value C (at 0 1.43) (layer F.Fab)
      (effects (font (size 1 1) (thickness 0.15)))
    )
    (fp_text user %R (at 0 0) (layer F.Fab)
      (effects (font (size 0.4 0.4) (thickness 0.06)))
    )
    (fp_line (start 1.48 0.73) (end -1.48 0.73) (layer F.CrtYd) (width 0.05))
    (fp_line (start 1.48 -0.73) (end 1.48 0.73) (layer F.CrtYd) (width 0.05))
    (fp_line (start -1.48 -0.73) (end 1.48 -0.73) (layer F.CrtYd) (width 0.05))
    (fp_line (start -1.48 0.73) (end -1.48 -0.73) (layer F.CrtYd) (width 0.05))
    (fp_line (start -0.162779 0.51) (end 0.162779 0.51) (layer F.SilkS) (width 0.12))
    (fp_line (start -0.162779 -0.51) (end 0.162779 -0.51) (layer F.SilkS) (width 0.12))
    (fp_line (start 0.8 0.4) (end -0.8 0.4) (layer F.Fab) (width 0.1))
    (fp_line (start 0.8 -0.4) (end 0.8 0.4) (layer F.Fab) (width 0.1))
    (fp_line (start -0.8 -0.4) (end 0.8 -0.4) (layer F.Fab) (width 0.1))
    (fp_line (start -0.8 0.4) (end -0.8 -0.4) (layer F.Fab) (width 0.1))
    (pad 2 smd roundrect (at 0.7875 0 180) (size 0.875 0.95) (layers F.Cu F.Paste F.Mask) (roundrect_rratio 0.25)
      (net 6 "Net-(C6-Pad2)"))
    (pad 1 smd roundrect (at -0.7875 0 180) (size 0.875 0.95) (layers F.Cu F.Paste F.Mask) (roundrect_rratio 0.25)
      (net 1 GND))
    (model ${KISYS3DMOD}/Capacitor_SMD.3dshapes/C_0603_1608Metric.wrl
      (at (xyz 0 0 0))
      (scale (xyz 1 1 1))
      (rotate (xyz 0 0 0))
    )
  )

  (module Capacitor_SMD:C_0603_1608Metric (layer F.Cu) (tedit 5B301BBE) (tstamp 5E33F4E3)
    (at 153.8985 88.7095)
    (descr "Capacitor SMD 0603 (1608 Metric), square (rectangular) end terminal, IPC_7351 nominal, (Body size source: http://www.tortai-tech.com/upload/download/2011102023233369053.pdf), generated with kicad-footprint-generator")
    (tags capacitor)
    (path /5E34AA37)
    (attr smd)
    (fp_text reference C5 (at 0 -1.43) (layer B.SilkS)
      (effects (font (size 1 1) (thickness 0.15)) (justify mirror))
    )
    (fp_text value C (at 0 1.43) (layer F.Fab)
      (effects (font (size 1 1) (thickness 0.15)))
    )
    (fp_text user %R (at 0 0) (layer F.Fab)
      (effects (font (size 0.4 0.4) (thickness 0.06)))
    )
    (fp_line (start 1.48 0.73) (end -1.48 0.73) (layer F.CrtYd) (width 0.05))
    (fp_line (start 1.48 -0.73) (end 1.48 0.73) (layer F.CrtYd) (width 0.05))
    (fp_line (start -1.48 -0.73) (end 1.48 -0.73) (layer F.CrtYd) (width 0.05))
    (fp_line (start -1.48 0.73) (end -1.48 -0.73) (layer F.CrtYd) (width 0.05))
    (fp_line (start -0.162779 0.51) (end 0.162779 0.51) (layer F.SilkS) (width 0.12))
    (fp_line (start -0.162779 -0.51) (end 0.162779 -0.51) (layer F.SilkS) (width 0.12))
    (fp_line (start 0.8 0.4) (end -0.8 0.4) (layer F.Fab) (width 0.1))
    (fp_line (start 0.8 -0.4) (end 0.8 0.4) (layer F.Fab) (width 0.1))
    (fp_line (start -0.8 -0.4) (end 0.8 -0.4) (layer F.Fab) (width 0.1))
    (fp_line (start -0.8 0.4) (end -0.8 -0.4) (layer F.Fab) (width 0.1))
    (pad 2 smd roundrect (at 0.7875 0) (size 0.875 0.95) (layers F.Cu F.Paste F.Mask) (roundrect_rratio 0.25)
      (net 1 GND))
    (pad 1 smd roundrect (at -0.7875 0) (size 0.875 0.95) (layers F.Cu F.Paste F.Mask) (roundrect_rratio 0.25)
      (net 3 VCC))
    (model ${KISYS3DMOD}/Capacitor_SMD.3dshapes/C_0603_1608Metric.wrl
      (at (xyz 0 0 0))
      (scale (xyz 1 1 1))
      (rotate (xyz 0 0 0))
    )
  )

  (module Capacitor_SMD:C_0603_1608Metric (layer F.Cu) (tedit 5B301BBE) (tstamp 5E33F4D2)
    (at 143.5735 94.323 270)
    (descr "Capacitor SMD 0603 (1608 Metric), square (rectangular) end terminal, IPC_7351 nominal, (Body size source: http://www.tortai-tech.com/upload/download/2011102023233369053.pdf), generated with kicad-footprint-generator")
    (tags capacitor)
    (path /5E346556)
    (attr smd)
    (fp_text reference C4 (at 0 -1.43 90) (layer F.SilkS)
      (effects (font (size 1 1) (thickness 0.15)))
    )
    (fp_text value C (at 0 1.43 90) (layer F.Fab)
      (effects (font (size 1 1) (thickness 0.15)))
    )
    (fp_text user %R (at 0 0) (layer F.Fab)
      (effects (font (size 0.4 0.4) (thickness 0.06)))
    )
    (fp_line (start 1.48 0.73) (end -1.48 0.73) (layer F.CrtYd) (width 0.05))
    (fp_line (start 1.48 -0.73) (end 1.48 0.73) (layer F.CrtYd) (width 0.05))
    (fp_line (start -1.48 -0.73) (end 1.48 -0.73) (layer F.CrtYd) (width 0.05))
    (fp_line (start -1.48 0.73) (end -1.48 -0.73) (layer F.CrtYd) (width 0.05))
    (fp_line (start -0.162779 0.51) (end 0.162779 0.51) (layer F.SilkS) (width 0.12))
    (fp_line (start -0.162779 -0.51) (end 0.162779 -0.51) (layer F.SilkS) (width 0.12))
    (fp_line (start 0.8 0.4) (end -0.8 0.4) (layer F.Fab) (width 0.1))
    (fp_line (start 0.8 -0.4) (end 0.8 0.4) (layer F.Fab) (width 0.1))
    (fp_line (start -0.8 -0.4) (end 0.8 -0.4) (layer F.Fab) (width 0.1))
    (fp_line (start -0.8 0.4) (end -0.8 -0.4) (layer F.Fab) (width 0.1))
    (pad 2 smd roundrect (at 0.7875 0 270) (size 0.875 0.95) (layers F.Cu F.Paste F.Mask) (roundrect_rratio 0.25)
      (net 1 GND))
    (pad 1 smd roundrect (at -0.7875 0 270) (size 0.875 0.95) (layers F.Cu F.Paste F.Mask) (roundrect_rratio 0.25)
      (net 3 VCC))
    (model ${KISYS3DMOD}/Capacitor_SMD.3dshapes/C_0603_1608Metric.wrl
      (at (xyz 0 0 0))
      (scale (xyz 1 1 1))
      (rotate (xyz 0 0 0))
    )
  )

  (module Capacitor_SMD:C_0603_1608Metric (layer B.Cu) (tedit 5B301BBE) (tstamp 5E33F4C1)
    (at 147.8915 90.132 270)
    (descr "Capacitor SMD 0603 (1608 Metric), square (rectangular) end terminal, IPC_7351 nominal, (Body size source: http://www.tortai-tech.com/upload/download/2011102023233369053.pdf), generated with kicad-footprint-generator")
    (tags capacitor)
    (path /5E3441A6)
    (attr smd)
    (fp_text reference C3 (at 0 1.43 90) (layer B.SilkS)
      (effects (font (size 1 1) (thickness 0.15)) (justify mirror))
    )
    (fp_text value C (at 0 -1.43 90) (layer B.Fab)
      (effects (font (size 1 1) (thickness 0.15)) (justify mirror))
    )
    (fp_text user %R (at 0 0 90) (layer B.Fab)
      (effects (font (size 0.4 0.4) (thickness 0.06)) (justify mirror))
    )
    (fp_line (start 1.48 -0.73) (end -1.48 -0.73) (layer B.CrtYd) (width 0.05))
    (fp_line (start 1.48 0.73) (end 1.48 -0.73) (layer B.CrtYd) (width 0.05))
    (fp_line (start -1.48 0.73) (end 1.48 0.73) (layer B.CrtYd) (width 0.05))
    (fp_line (start -1.48 -0.73) (end -1.48 0.73) (layer B.CrtYd) (width 0.05))
    (fp_line (start -0.162779 -0.51) (end 0.162779 -0.51) (layer B.SilkS) (width 0.12))
    (fp_line (start -0.162779 0.51) (end 0.162779 0.51) (layer B.SilkS) (width 0.12))
    (fp_line (start 0.8 -0.4) (end -0.8 -0.4) (layer B.Fab) (width 0.1))
    (fp_line (start 0.8 0.4) (end 0.8 -0.4) (layer B.Fab) (width 0.1))
    (fp_line (start -0.8 0.4) (end 0.8 0.4) (layer B.Fab) (width 0.1))
    (fp_line (start -0.8 -0.4) (end -0.8 0.4) (layer B.Fab) (width 0.1))
    (pad 2 smd roundrect (at 0.7875 0 270) (size 0.875 0.95) (layers B.Cu B.Paste B.Mask) (roundrect_rratio 0.25)
      (net 4 "Net-(C3-Pad2)"))
    (pad 1 smd roundrect (at -0.7875 0 270) (size 0.875 0.95) (layers B.Cu B.Paste B.Mask) (roundrect_rratio 0.25)
      (net 5 "Net-(C3-Pad1)"))
    (model ${KISYS3DMOD}/Capacitor_SMD.3dshapes/C_0603_1608Metric.wrl
      (at (xyz 0 0 0))
      (scale (xyz 1 1 1))
      (rotate (xyz 0 0 0))
    )
  )

  (module Capacitor_SMD:C_0603_1608Metric (layer F.Cu) (tedit 5B301BBE) (tstamp 5E33F4B0)
    (at 142.9385 88.7095 180)
    (descr "Capacitor SMD 0603 (1608 Metric), square (rectangular) end terminal, IPC_7351 nominal, (Body size source: http://www.tortai-tech.com/upload/download/2011102023233369053.pdf), generated with kicad-footprint-generator")
    (tags capacitor)
    (path /5E344EC4)
    (attr smd)
    (fp_text reference C2 (at 0 -1.43) (layer F.SilkS)
      (effects (font (size 1 1) (thickness 0.15)))
    )
    (fp_text value C (at 0 1.43) (layer F.Fab)
      (effects (font (size 1 1) (thickness 0.15)))
    )
    (fp_text user %R (at 0 0) (layer F.Fab)
      (effects (font (size 0.4 0.4) (thickness 0.06)))
    )
    (fp_line (start 1.48 0.73) (end -1.48 0.73) (layer F.CrtYd) (width 0.05))
    (fp_line (start 1.48 -0.73) (end 1.48 0.73) (layer F.CrtYd) (width 0.05))
    (fp_line (start -1.48 -0.73) (end 1.48 -0.73) (layer F.CrtYd) (width 0.05))
    (fp_line (start -1.48 0.73) (end -1.48 -0.73) (layer F.CrtYd) (width 0.05))
    (fp_line (start -0.162779 0.51) (end 0.162779 0.51) (layer F.SilkS) (width 0.12))
    (fp_line (start -0.162779 -0.51) (end 0.162779 -0.51) (layer F.SilkS) (width 0.12))
    (fp_line (start 0.8 0.4) (end -0.8 0.4) (layer F.Fab) (width 0.1))
    (fp_line (start 0.8 -0.4) (end 0.8 0.4) (layer F.Fab) (width 0.1))
    (fp_line (start -0.8 -0.4) (end 0.8 -0.4) (layer F.Fab) (width 0.1))
    (fp_line (start -0.8 0.4) (end -0.8 -0.4) (layer F.Fab) (width 0.1))
    (pad 2 smd roundrect (at 0.7875 0 180) (size 0.875 0.95) (layers F.Cu F.Paste F.Mask) (roundrect_rratio 0.25)
      (net 1 GND))
    (pad 1 smd roundrect (at -0.7875 0 180) (size 0.875 0.95) (layers F.Cu F.Paste F.Mask) (roundrect_rratio 0.25)
      (net 3 VCC))
    (model ${KISYS3DMOD}/Capacitor_SMD.3dshapes/C_0603_1608Metric.wrl
      (at (xyz 0 0 0))
      (scale (xyz 1 1 1))
      (rotate (xyz 0 0 0))
    )
  )

  (module Capacitor_SMD:C_0603_1608Metric (layer B.Cu) (tedit 5B301BBE) (tstamp 5E33F49F)
    (at 142.4685 91.313 180)
    (descr "Capacitor SMD 0603 (1608 Metric), square (rectangular) end terminal, IPC_7351 nominal, (Body size source: http://www.tortai-tech.com/upload/download/2011102023233369053.pdf), generated with kicad-footprint-generator")
    (tags capacitor)
    (path /5E34987B)
    (attr smd)
    (fp_text reference C1 (at 0 1.43) (layer B.SilkS)
      (effects (font (size 1 1) (thickness 0.15)) (justify mirror))
    )
    (fp_text value C (at 0 -1.43) (layer B.Fab)
      (effects (font (size 1 1) (thickness 0.15)) (justify mirror))
    )
    (fp_text user %R (at 0 0) (layer B.Fab)
      (effects (font (size 0.4 0.4) (thickness 0.06)) (justify mirror))
    )
    (fp_line (start 1.48 -0.73) (end -1.48 -0.73) (layer B.CrtYd) (width 0.05))
    (fp_line (start 1.48 0.73) (end 1.48 -0.73) (layer B.CrtYd) (width 0.05))
    (fp_line (start -1.48 0.73) (end 1.48 0.73) (layer B.CrtYd) (width 0.05))
    (fp_line (start -1.48 -0.73) (end -1.48 0.73) (layer B.CrtYd) (width 0.05))
    (fp_line (start -0.162779 -0.51) (end 0.162779 -0.51) (layer B.SilkS) (width 0.12))
    (fp_line (start -0.162779 0.51) (end 0.162779 0.51) (layer B.SilkS) (width 0.12))
    (fp_line (start 0.8 -0.4) (end -0.8 -0.4) (layer B.Fab) (width 0.1))
    (fp_line (start 0.8 0.4) (end 0.8 -0.4) (layer B.Fab) (width 0.1))
    (fp_line (start -0.8 0.4) (end 0.8 0.4) (layer B.Fab) (width 0.1))
    (fp_line (start -0.8 -0.4) (end -0.8 0.4) (layer B.Fab) (width 0.1))
    (pad 2 smd roundrect (at 0.7875 0 180) (size 0.875 0.95) (layers B.Cu B.Paste B.Mask) (roundrect_rratio 0.25)
      (net 1 GND))
    (pad 1 smd roundrect (at -0.7875 0 180) (size 0.875 0.95) (layers B.Cu B.Paste B.Mask) (roundrect_rratio 0.25)
      (net 2 "Net-(C1-Pad1)"))
    (model ${KISYS3DMOD}/Capacitor_SMD.3dshapes/C_0603_1608Metric.wrl
      (at (xyz 0 0 0))
      (scale (xyz 1 1 1))
      (rotate (xyz 0 0 0))
    )
  )

  (module Connector_Audio:Jack_3.5mm_CUI_SJ1-3533NG_Horizontal (layer F.Cu) (tedit 5BAD3514) (tstamp 5E33F1C3)
    (at 136.017 92.5195)
    (descr "TRS 3.5mm, horizontal, through-hole, https://www.cui.com/product/resource/sj1-353xng.pdf")
    (tags "TRS audio jack stereo horizontal")
    (path /5E339D60)
    (fp_text reference J3 (at 0.1 -6.45) (layer F.SilkS)
      (effects (font (size 1 1) (thickness 0.15)))
    )
    (fp_text value AudioJack3 (at 0.1 14.05) (layer F.Fab)
      (effects (font (size 1 1) (thickness 0.15)))
    )
    (fp_text user %R (at 0.1 3.8) (layer F.Fab)
      (effects (font (size 1 1) (thickness 0.15)))
    )
    (fp_line (start 4.7 -5.7) (end -4.5 -5.7) (layer F.CrtYd) (width 0.05))
    (fp_line (start 4.7 13.3) (end 4.7 -5.7) (layer F.CrtYd) (width 0.05))
    (fp_line (start -4.5 13.3) (end 4.7 13.3) (layer F.CrtYd) (width 0.05))
    (fp_line (start -4.5 -5.7) (end -4.5 13.3) (layer F.CrtYd) (width 0.05))
    (fp_line (start -2.22 -1.32) (end -2.22 -5.32) (layer F.SilkS) (width 0.12))
    (fp_line (start -4.12 -1.32) (end -2.22 -1.32) (layer F.SilkS) (width 0.12))
    (fp_line (start -4.12 12.92) (end -4.12 -1.32) (layer F.SilkS) (width 0.12))
    (fp_line (start 4.32 12.92) (end -4.12 12.92) (layer F.SilkS) (width 0.12))
    (fp_line (start 4.32 -1.32) (end 4.32 12.92) (layer F.SilkS) (width 0.12))
    (fp_line (start 4.02 -1.32) (end 4.32 -1.32) (layer F.SilkS) (width 0.12))
    (fp_line (start 4.02 -5.32) (end 4.02 -1.32) (layer F.SilkS) (width 0.12))
    (fp_line (start -2.22 -5.32) (end 4.02 -5.32) (layer F.SilkS) (width 0.12))
    (fp_line (start -2.1 -1.2) (end -2.1 -5.2) (layer F.Fab) (width 0.1))
    (fp_line (start -4 -1.2) (end -2.1 -1.2) (layer F.Fab) (width 0.1))
    (fp_line (start -4 12.8) (end -4 -1.2) (layer F.Fab) (width 0.1))
    (fp_line (start 4.2 12.8) (end -4 12.8) (layer F.Fab) (width 0.1))
    (fp_line (start 4.2 -1.2) (end 4.2 12.8) (layer F.Fab) (width 0.1))
    (fp_line (start 3.9 -1.2) (end 4.2 -1.2) (layer F.Fab) (width 0.1))
    (fp_line (start 3.9 -5.2) (end 3.9 -1.2) (layer F.Fab) (width 0.1))
    (fp_line (start -2.1 -5.2) (end 3.9 -5.2) (layer F.Fab) (width 0.1))
    (pad R thru_hole oval (at 2 7.9) (size 2.8 1.8) (drill oval 2 1) (layers *.Cu *.Mask)
      (net 9 "Net-(C7-Pad1)"))
    (pad T thru_hole oval (at 2 2.4) (size 2.8 1.8) (drill oval 2 1) (layers *.Cu *.Mask)
      (net 10 "Net-(C8-Pad1)"))
    (pad S thru_hole oval (at 0 0) (size 2.8 1.8) (drill oval 2 1) (layers *.Cu *.Mask)
      (net 1 GND))
    (model ${KISYS3DMOD}/Connector_Audio.3dshapes/Jack_3.5mm_CUI_SJ1-3533NG_Horizontal.wrl
      (at (xyz 0 0 0))
      (scale (xyz 1 1 1))
      (rotate (xyz 0 0 0))
    )
  )

  (module project:CUI_SDS-50J (layer F.Cu) (tedit 0) (tstamp 5E33E4CC)
    (at 125.857 97.0915 270)
    (path /5E3384D1)
    (fp_text reference J2 (at -7.56532 -5.4388 90) (layer F.SilkS)
      (effects (font (size 1.0007 1.0007) (thickness 0.05)))
    )
    (fp_text value DIN-5 (at -6.83505 13.4447 90) (layer F.SilkS)
      (effects (font (size 1.00146 1.00146) (thickness 0.05)))
    )
    (fp_line (start 10 0) (end -10 0) (layer Eco2.User) (width 0.127))
    (fp_line (start 10 12.5) (end 10 0) (layer Eco2.User) (width 0.127))
    (fp_line (start -10 12.5) (end 10 12.5) (layer Eco2.User) (width 0.127))
    (fp_line (start -10 0) (end -10 12.5) (layer Eco2.User) (width 0.127))
    (fp_line (start 10 0) (end 8.7 0) (layer F.SilkS) (width 0.127))
    (fp_line (start 1.2 0) (end 6.3 0) (layer F.SilkS) (width 0.127))
    (fp_line (start -6.3 0) (end -1.2 0) (layer F.SilkS) (width 0.127))
    (fp_line (start -10 0) (end -8.7 0) (layer F.SilkS) (width 0.127))
    (fp_circle (center 10.9 -0.4) (end 11 -0.4) (layer Eco2.User) (width 0.2))
    (fp_circle (center 10.9 -0.4) (end 11 -0.4) (layer F.SilkS) (width 0.2))
    (fp_line (start 10.25 12.75) (end -10.25 12.75) (layer Eco1.User) (width 0.05))
    (fp_line (start 10.25 -3.75) (end 10.25 12.75) (layer Eco1.User) (width 0.05))
    (fp_line (start -10.25 -3.75) (end 10.25 -3.75) (layer Eco1.User) (width 0.05))
    (fp_line (start -10.25 12.75) (end -10.25 -3.75) (layer Eco1.User) (width 0.05))
    (fp_line (start 10 12.5) (end 10 0) (layer F.SilkS) (width 0.127))
    (fp_line (start -10 12.5) (end 10 12.5) (layer F.SilkS) (width 0.127))
    (fp_line (start -10 0) (end -10 12.5) (layer F.SilkS) (width 0.127))
    (pad Hole np_thru_hole circle (at 7.5 5 270) (size 2.4 2.4) (drill 2.4) (layers *.Cu *.Mask F.SilkS))
    (pad Hole np_thru_hole circle (at -7.5 5 270) (size 2.4 2.4) (drill 2.4) (layers *.Cu *.Mask F.SilkS))
    (pad S2 thru_hole circle (at 2.5 10 270) (size 1.95 1.95) (drill 1.3) (layers *.Cu *.Mask))
